10 5.46623 1.829415 2.0122794 .09147
30 7.73913 4.266355 4.4359554 .06460
50 10.30398 5.723093 5.7657914 .04852
100 17.39091 7.831794 7.8317944 .02875
150 24.90976 8.435048 8.4472844 .02007
200 30.66409 10.127296 10.1383314 .01630

10 2.70596 3.696304 3.9155164 .07391
30 2.93618 11.248703 11.7004864 .06811
50 4.09498 14.273289 14.6856344 .04884
100 7.36783 18.494511 18.8097864 .02714
150 9.55305 23.613613 24.0465334 .02093
200 11.90760 26.356704 26.7820784 .01679
10 11.47294 1.406749 1.4493014 .01743
10    
10    
10    
10    
10    
10    
10    
10    
10    
10    
10    
10    
10    
